!~\IA\Simulated_Annealing>python simple.py problems\eilA101.vrp
Número de nodos, incluyendo el depósito:  101

        Capacidad del vehículo 200


Mejor solución encontrada: ([2, 3, 4, 5, 6, 7, 8, 9, 10, 11, 12, 13, 14, 15, 18], [16, 17, 19, 20, 21, 22, 23, 24, 25, 26, 27, 28, 29, 30, 36, 47, 92], [31, 32, 33, 34, 35, 37, 38, 39, 40, 41, 42, 43, 44, 45], [46, 48, 49, 50, 51, 52, 53, 54, 55, 56, 57, 58, 61, 65], [59, 60, 62, 63, 64, 66, 67, 68, 69, 70], [71, 72, 73, 74, 75, 76, 77, 78, 79, 80, 81, 82, 83, 84, 85], [86, 87, 88, 89, 90, 91, 93, 94, 95, 96], [97, 98, 99, 100, 101]). Valor: 797514

!~\IA\Simulated_Annealing>python simple.py problems\eil33.vrp
Número de nodos, incluyendo el depósito:  33

        Capacidad del vehículo 8000


Mejor solución encontrada: ([2, 3, 4, 5, 6, 7, 8, 9, 10, 11, 13, 14, 16], [12, 15, 17, 18, 19, 20, 21, 22, 23, 24], [25, 26, 27, 28, 29], [30, 31, 32, 33]). Valor: 397476

!~\IA\Simulated_Annealing>python simple.py eil22.vrp
Número de nodos, incluyendo el depósito:  22

        Capacidad del vehículo 6000


Mejor solución encontrada: ([2, 3, 4, 5, 7, 8, 9, 10], [6, 11, 12, 13, 15], [14, 16, 17, 18, 22], [19, 20, 21]). Valor: 399417

!~\IA\Simulated_Annealing>python simple.py problems\eilB76.vrp
Número de nodos, incluyendo el depósito:  76

        Capacidad del vehículo 100


Mejor solución encontrada: ([2, 3, 4, 5, 8], [6, 7, 9, 10, 14, 72], [11, 12, 13, 16, 19], [15, 17, 18, 20, 23, 73], [21, 22, 24, 25, 26], [27, 28, 29, 30, 31], [32, 33, 34, 35], [36, 37, 38, 39, 40, 42, 50], [41, 43, 44, 45, 46], [47, 48, 49, 51, 52], [53, 54, 55, 56, 57, 66], [58, 59, 60, 61, 62, 64], [63, 65, 67, 69, 74], [68, 70, 71, 75, 76]). Valor: 1398189

!~\IA\Simulated_Annealing>python simple.py problems\gil262.vrp
Número de nodos, incluyendo el depósito:  262

        Capacidad del vehículo 500


Mejor solución encontrada: ([2, 3, 4, 5, 6, 7, 8, 9, 10, 11, 12, 13, 15, 24, 28, 30, 77, 251, 252, 253, 254, 255, 256, 257, 258, 259, 260, 261, 262], [14, 16, 17, 18, 19, 20, 21, 22, 27, 127], [23, 25, 26, 29, 31, 32, 33, 34, 35, 36, 40], [37, 38, 39, 41, 42, 43, 44, 45, 47, 204], [46, 48, 49, 50, 51, 52, 53, 54, 55, 56, 57, 58, 69, 72, 75, 81], [59, 60, 61, 62, 63, 64, 65, 67, 76, 205], [66, 68, 70, 71, 73, 74, 78, 79, 80, 82, 85, 88, 94, 117], [83, 84, 86, 87, 89, 90, 91, 92, 95, 97, 123], [93, 96, 98, 99, 100, 101, 102, 119, 166], [103, 104, 105, 106, 107, 108, 109, 111, 125, 200, 229], [110, 112, 113, 114, 115, 116, 120, 121, 124, 234], [118, 122, 126, 128, 129, 130, 131, 134, 136, 145, 239], [132, 133, 135, 137, 138, 139, 140, 141, 149], [142, 143, 144, 146, 147, 148, 150, 152, 153, 177], [151, 154, 155, 156, 157, 158], [159, 160, 161, 162, 163, 164, 165, 167, 168, 173, 189], [169, 170, 171, 172, 174, 175, 176, 178, 180, 194], [179, 181, 182, 183, 184, 185, 186, 195], [187, 188, 190, 191, 192, 196, 198, 201, 211], [193, 197, 199, 202, 203, 208], [206, 207, 209, 210, 212, 213, 214, 215, 216, 217, 230, 232], [218, 219, 220, 221, 222, 223, 224, 231], [225, 226, 227, 228, 233, 235, 236, 237, 238, 242], [240, 241, 243, 244, 245, 246, 249], [247, 248, 250]). Valor: 2478427
